277835150;38.74963;-9.193335;-0.160454;0.6763087
277835151;38.74988;-9.194629;-0.1604766;0.676313
277835152;38.75039;-9.196783;-0.1605141;0.6763218
277835156;38.75066;-9.199949;-0.1605694;0.6763266
277835157;38.75058;-9.20066;-0.1605818;0.6763253
277835159;38.75033;-9.197492;-0.1605265;0.6763208
277835160;38.7472;-9.197815;-0.1605322;0.6762661
277835172;38.75333;-9.196372;-0.160507;0.6763732
277835173;38.75179;-9.197325;-0.1605236;0.6763464
277835174;38.7511;-9.197392;-0.1605248;0.6763343
277835175;38.75378;-9.196064;-0.1605016;0.6763811
277835176;38.74489;-9.198026;-0.1605358;0.676226
277835220;38.74532;-9.200576;-0.1605803;0.6762334
277835223;38.74574;-9.200539;-0.1605797;0.6762408
277835229;38.7477;-9.200332;-0.1605761;0.676275
277835230;38.74802;-9.200382;-0.160577;0.6762806
277835231;38.7483;-9.200559;-0.16058;0.6762854
277835232;38.74847;-9.200764;-0.1605836;0.6762883
277835233;38.74878;-9.200669;-0.160582;0.6762938
277835234;38.74905;-9.203264;-0.1606273;0.6762986
277835237;38.74862;-9.197677;-0.1605297;0.676291
277835282;38.74621;-9.20361;-0.1606333;0.676249
277835295;38.74836;-9.202695;-0.1606173;0.6762865
277835298;38.74805;-9.201383;-0.1605944;0.6762812
277835299;38.748;-9.201254;-0.1605922;0.6762802
277835300;38.74786;-9.201112;-0.1605897;0.6762777
277835301;38.74754;-9.201084;-0.1605892;0.6762722
277835302;38.74578;-9.201253;-0.1605922;0.6762415
277835329;38.74738;-9.203091;-0.1606242;0.6762694
277835331;38.74723;-9.200388;-0.1605771;0.6762667
277835382;38.75058;-9.201027;-0.1605882;0.6763253
277835383;38.75203;-9.205329;-0.1606633;0.6763504
277835400;38.75225;-9.205941;-0.160674;0.6763543
277835414;38.75105;-9.202527;-0.1606144;0.6763333
277835415;38.74948;-9.203349;-0.1606288;0.6763059
277835416;38.74936;-9.20327;-0.1606274;0.6763039
277835417;38.75108;-9.202627;-0.1606161;0.6763338
277835418;38.74983;-9.20329;-0.1606277;0.6763121
277835419;38.7495;-9.203466;-0.1606308;0.6763063
277835420;38.74925;-9.203468;-0.1606308;0.676302
277835421;38.74913;-9.202388;-0.160612;0.6762998
277835422;38.74886;-9.202496;-0.1606138;0.6762952
277835457;38.75428;-9.195723;-0.1604956;0.6763897
277835560;38.75401;-9.196029;-0.160501;0.676385
429333075;38.75434;-9.195786;-0.1604967;0.6763908
429333093;38.75165;-9.204262;-0.1606447;0.6763439
429333140;38.75484;-9.198419;-0.1605427;0.6763996
429333152;38.75317;-9.206618;-0.1606858;0.6763704
429333153;38.7545;-9.205789;-0.1606713;0.6763936
429333154;38.75464;-9.20568;-0.1606694;0.6763961
429333155;38.75495;-9.205382;-0.1606642;0.6764014
429333165;38.75236;-9.202718;-0.1606177;0.6763563
429333166;38.75446;-9.203605;-0.1606332;0.676393
429333168;38.75378;-9.202911;-0.1606211;0.676381
429333169;38.75333;-9.202755;-0.1606184;0.6763731
429333170;38.75151;-9.202757;-0.1606184;0.6763415
429333171;38.75416;-9.204803;-0.1606541;0.6763877
429333172;38.75376;-9.204038;-0.1606408;0.6763807
429333174;38.75358;-9.203708;-0.160635;0.6763775
429333175;38.75348;-9.20363;-0.1606337;0.6763759
429333176;38.75338;-9.2036;-0.1606331;0.6763741
429333177;38.75285;-9.203625;-0.1606335;0.6763648
429333178;38.7527;-9.203643;-0.1606339;0.6763623
429333179;38.75253;-9.203704;-0.1606349;0.6763593
429333180;38.75223;-9.203868;-0.1606378;0.676354
430429588;38.75656;-9.200644;-0.1605815;0.6764295
430429590;38.7507;-9.201439;-0.1605954;0.6763273
430429591;38.75637;-9.200915;-0.1605863;0.6764262
430429592;38.75623;-9.200995;-0.1605877;0.6764238
430429593;38.7561;-9.201019;-0.1605881;0.6764215
430429594;38.75437;-9.200502;-0.1605791;0.6763913
430429595;38.75389;-9.20055;-0.1605799;0.676383
430429596;38.75321;-9.200622;-0.1605811;0.6763712
430429597;38.75249;-9.200699;-0.1605825;0.6763586
430429598;38.7515;-9.200797;-0.1605842;0.6763412
430429602;38.75504;-9.201438;-0.1605954;0.676403
430429604;38.75392;-9.201098;-0.1605895;0.6763834
430429606;38.75257;-9.201244;-0.160592;0.6763599
430429613;38.75476;-9.198503;-0.1605442;0.6763981
430429614;38.75315;-9.199691;-0.1605649;0.6763701
469805525;38.74727;-9.201111;-0.1605897;0.6762674
469812462;38.75053;-9.197474;-0.1605262;0.6763242
712039231;38.75388;-9.195205;-0.1604866;0.6763828
847769221;38.75343;-9.196299;-0.1605057;0.676375
847769222;38.75319;-9.195703;-0.1604953;0.6763707
851010454;38.75158;-9.199519;-0.1605619;0.6763427
851010457;38.75137;-9.199655;-0.1605643;0.676339
851010460;38.75132;-9.199962;-0.1605696;0.6763381
851010461;38.75127;-9.200613;-0.160581;0.6763372
851010462;38.7513;-9.20086;-0.1605853;0.6763377
851010464;38.75139;-9.200859;-0.1605853;0.6763393
851010467;38.75138;-9.201362;-0.1605941;0.6763393
851010483;38.75219;-9.19879;-0.1605492;0.6763534
851010486;38.75148;-9.199158;-0.1605556;0.6763409
851010497;38.7527;-9.199744;-0.1605658;0.6763623
851010508;38.75283;-9.200012;-0.1605705;0.6763645
851010510;38.75317;-9.199991;-0.1605701;0.6763705
851010526;38.74881;-9.20089;-0.1605858;0.6762943
851010541;38.74923;-9.200742;-0.1605832;0.6763017
851010546;38.74987;-9.20076;-0.1605836;0.6763129
851010549;38.75039;-9.202439;-0.1606129;0.6763218
851010552;38.74989;-9.202692;-0.1606173;0.6763132
851010555;38.75127;-9.19737;-0.1605244;0.6763372
851010560;38.75131;-9.19848;-0.1605438;0.6763379
851010568;38.75143;-9.201719;-0.1606003;0.6763401
851010576;38.7515;-9.202033;-0.1606058;0.6763412
851010583;38.75152;-9.203142;-0.1606251;0.6763417
851010586;38.75156;-9.203291;-0.1606277;0.6763424
851010588;38.75136;-9.20348;-0.160631;0.6763389
1026404074;38.75001;-9.206349;-0.1606811;0.6763153
1026404075;38.75032;-9.205235;-0.1606617;0.6763206
1026404076;38.74965;-9.2034;-0.1606296;0.676309
1026404887;38.75048;-9.206598;-0.1606854;0.6763235
1026405678;38.75222;-9.205835;-0.1606721;0.6763539
1026405817;38.75164;-9.206103;-0.1606768;0.6763437
1026406125;38.75047;-9.20295;-0.1606218;0.6763233
1026406128;38.75048;-9.20283;-0.1606197;0.6763235
1026408744;38.74933;-9.197912;-0.1605338;0.6763034
1026408750;38.74935;-9.198643;-0.1605466;0.6763037
1026408751;38.74944;-9.198878;-0.1605507;0.6763052
1026408754;38.74966;-9.198889;-0.1605509;0.6763091
1026408757;38.74976;-9.198782;-0.160549;0.676311
1026408761;38.74974;-9.197847;-0.1605327;0.6763105
1026408764;38.74977;-9.197785;-0.1605316;0.676311
1026408767;38.74975;-9.197551;-0.1605275;0.6763108
1026408920;38.74982;-9.197869;-0.1605331;0.6763119
1026408923;38.74985;-9.19863;-0.1605464;0.6763125
1026409136;38.75012;-9.197844;-0.1605327;0.6763172
1026409137;38.75033;-9.197824;-0.1605323;0.6763208
1026409138;38.75038;-9.198363;-0.1605417;0.6763217
1026409140;38.75016;-9.198385;-0.1605421;0.6763179
1026416175;38.75195;-9.205119;-0.1606596;0.6763491
1026416332;38.75235;-9.206452;-0.1606829;0.676356
1026416722;38.75254;-9.204851;-0.160655;0.6763594
1026417160;38.75385;-9.206226;-0.160679;0.6763822
1109852659;38.75166;-9.209776;-0.1607409;0.676344
1113775122;38.75214;-9.196559;-0.1605102;0.6763525
1113775125;38.75201;-9.196215;-0.1605042;0.6763502
1113775128;38.75377;-9.194956;-0.1604823;0.6763809
1583413547;38.7477;-9.20559;-0.1606679;0.676275
1583413548;38.74843;-9.205991;-0.1606749;0.6762877
1583413549;38.74805;-9.2074;-0.1606995;0.676281
1583413554;38.75066;-9.209973;-0.1607444;0.6763266
1583413555;38.75148;-9.206178;-0.1606781;0.676341
1583429074;38.74991;-9.205583;-0.1606677;0.6763136
1583429078;38.7497;-9.206303;-0.1606803;0.6763098
1583429124;38.74976;-9.206093;-0.1606766;0.6763109
1583429223;38.74983;-9.206457;-0.160683;0.6763121
1583429233;38.74968;-9.206382;-0.1606817;0.6763094
1666200275;38.74561;-9.19934;-0.1605588;0.6762384
1667036703;38.75058;-9.200809;-0.1605844;0.6763252
1667054700;38.75014;-9.201638;-0.1605989;0.6763176
1667054702;38.74931;-9.200746;-0.1605833;0.676303
1667054704;38.7494;-9.201092;-0.1605894;0.6763046
1667054717;38.74968;-9.202018;-0.1606055;0.6763094
1667054718;38.74946;-9.201303;-0.160593;0.6763057
1667054720;38.74957;-9.201651;-0.1605991;0.6763075
1667054721;38.74964;-9.201889;-0.1606033;0.6763088
1667054723;38.74972;-9.202158;-0.1606079;0.6763102
1667054724;38.75022;-9.201907;-0.1606036;0.6763189
1667070046;38.74958;-9.203311;-0.1606281;0.6763077
1667320605;38.74888;-9.20137;-0.1605942;0.6762956
1667320606;38.75033;-9.202271;-0.1606099;0.6763209
1667320607;38.75015;-9.201679;-0.1605996;0.6763178
1667320608;38.75037;-9.201902;-0.1606035;0.6763216
1667320609;38.75027;-9.20206;-0.1606062;0.6763197
1667320610;38.74984;-9.202518;-0.1606143;0.6763122
1667320611;38.75031;-9.2017;-0.1606;0.6763204
1667320612;38.75087;-9.201419;-0.1605951;0.6763303
1667320613;38.7491;-9.202302;-0.1606105;0.6762995
1667324883;38.74929;-9.203055;-0.1606236;0.6763027
1667324884;38.74935;-9.203027;-0.1606231;0.6763037
1667324885;38.74957;-9.202689;-0.1606172;0.6763076
1667324886;38.74997;-9.201053;-0.1605887;0.6763145
1667324887;38.74955;-9.201596;-0.1605981;0.6763072
1667324888;38.75005;-9.201345;-0.1605938;0.676316
1667324889;38.74963;-9.202889;-0.1606207;0.6763087
1667324890;38.74924;-9.202852;-0.1606201;0.6763018
1667340852;38.75303;-9.20622;-0.1606788;0.6763679
1667340853;38.75198;-9.20519;-0.1606609;0.6763496
1667340855;38.75324;-9.20441;-0.1606473;0.6763716
1669446051;38.75112;-9.199219;-0.1605567;0.6763346
1669446080;38.75106;-9.200607;-0.1605809;0.6763337
1669446087;38.75117;-9.198792;-0.1605492;0.6763355
1669446089;38.75106;-9.198827;-0.1605498;0.6763336
1669446114;38.7506;-9.200478;-0.1605786;0.6763255
1669455382;38.75202;-9.207045;-0.1606932;0.6763503
1669455394;38.75177;-9.206043;-0.1606758;0.676346
1674587518;38.75075;-9.198799;-0.1605493;0.6763281
1674587535;38.75237;-9.199624;-0.1605637;0.6763565
1674587578;38.75212;-9.199129;-0.1605551;0.6763521
1674587587;38.75211;-9.199848;-0.1605676;0.6763518
1674587626;38.75185;-9.199353;-0.160559;0.6763474
1674633771;38.75048;-9.198722;-0.160548;0.6763235
1674633772;38.75025;-9.198695;-0.1605475;0.6763195
1675863643;38.75035;-9.203403;-0.1606297;0.6763211
1675863648;38.75022;-9.203604;-0.1606332;0.6763189
1675863649;38.75038;-9.203505;-0.1606315;0.6763217
1675863652;38.75024;-9.20307;-0.1606239;0.6763194
1917907296;38.74907;-9.203293;-0.1606278;0.6762989
1917907298;38.74911;-9.20335;-0.1606288;0.6762996
1917907299;38.74916;-9.203401;-0.1606296;0.6763005
1917907300;38.7492;-9.203431;-0.1606302;0.6763011
1917907301;38.74929;-9.203481;-0.160631;0.6763026
1917907302;38.74932;-9.203186;-0.1606259;0.6763033
1917907303;38.74933;-9.203486;-0.1606311;0.6763034
1917907304;38.74937;-9.203485;-0.1606311;0.676304
1917907305;38.74938;-9.203306;-0.160628;0.6763042
1917907306;38.74939;-9.203335;-0.1606285;0.6763045
1917907307;38.74941;-9.203485;-0.1606311;0.6763048
1917907308;38.74942;-9.20335;-0.1606288;0.6763049
1917907309;38.74944;-9.203483;-0.1606311;0.6763054
1917907310;38.74945;-9.20335;-0.1606288;0.6763056
1917907312;38.74961;-9.203325;-0.1606283;0.6763083
1917907314;38.74963;-9.203342;-0.1606286;0.6763086
1917907316;38.74964;-9.203363;-0.160629;0.6763088
1917907418;38.75047;-9.197187;-0.1605212;0.6763234
1917907436;38.75058;-9.20096;-0.160587;0.6763252
1917907440;38.75059;-9.201085;-0.1605892;0.6763253
1917907445;38.75061;-9.201182;-0.1605909;0.6763258
1917907549;38.75065;-9.200491;-0.1605789;0.6763265
1917907687;38.75089;-9.210052;-0.1607457;0.6763306
1917907755;38.7509;-9.200562;-0.1605801;0.6763308
1917908007;38.75101;-9.200595;-0.1605807;0.6763327
1917908082;38.75104;-9.210036;-0.1607455;0.6763332
1917908317;38.75113;-9.209988;-0.1607446;0.6763349
1917908327;38.75116;-9.200615;-0.160581;0.6763354
1917908461;38.75126;-9.200459;-0.1605783;0.6763371
1917908470;38.75126;-9.200319;-0.1605759;0.6763371
1917908496;38.75129;-9.200808;-0.1605844;0.6763376
1917908502;38.7513;-9.201371;-0.1605942;0.6763377
1917908573;38.75137;-9.209863;-0.1607424;0.6763389
1917908638;38.75143;-9.200834;-0.1605849;0.67634
1917908662;38.75148;-9.201928;-0.1606039;0.676341
1917908665;38.75149;-9.20198;-0.1606048;0.6763411
1917908670;38.75151;-9.202994;-0.1606226;0.6763415
1917908685;38.75153;-9.203359;-0.1606289;0.6763418
1917908692;38.75154;-9.203347;-0.1606287;0.6763421
1917908701;38.75156;-9.203335;-0.1606285;0.6763422
1917908705;38.75156;-9.203321;-0.1606283;0.6763423
1917908802;38.75187;-9.197312;-0.1605234;0.6763477
1917908820;38.75196;-9.197296;-0.1605231;0.6763492
1917908825;38.75197;-9.201317;-0.1605933;0.6763495
1917908841;38.75201;-9.197277;-0.1605228;0.6763502
1917908850;38.75206;-9.197258;-0.1605224;0.676351
1917908867;38.75211;-9.197231;-0.160522;0.676352
1917908889;38.75217;-9.197194;-0.1605213;0.676353
1917908966;38.75262;-9.203671;-0.1606344;0.6763608
1917908989;38.75277;-9.203632;-0.1606337;0.6763634
1917909028;38.75338;-9.202761;-0.1606185;0.6763741
1917909029;38.75344;-9.202771;-0.1606187;0.6763752
1917909031;38.75355;-9.202799;-0.1606191;0.676377
1917909032;38.75365;-9.20284;-0.1606199;0.6763788
1917909046;38.75489;-9.205443;-0.1606653;0.6764004
1917909048;38.75541;-9.204808;-0.1606542;0.6764094
1920249992;38.75009;-9.198639;-0.1605465;0.6763166
1920250010;38.75013;-9.198666;-0.160547;0.6763174
1920250023;38.75017;-9.198689;-0.1605474;0.676318
1920250232;38.75061;-9.197444;-0.1605257;0.6763258
1921032204;38.75523;-9.200776;-0.1605838;0.6764064
1921032300;38.75615;-9.201022;-0.1605881;0.6764224
1921032306;38.7562;-9.201009;-0.1605879;0.6764233
1932354495;38.74945;-9.201279;-0.1605926;0.6763056
1932354498;38.74963;-9.201855;-0.1606027;0.6763086
1944474512;38.75051;-9.193411;-0.1604553;0.6763241
1944474514;38.74952;-9.192732;-0.1604434;0.6763067
1944476352;38.75048;-9.19394;-0.1604645;0.6763235
1944476354;38.75066;-9.194939;-0.160482;0.6763266
1944476356;38.75047;-9.19353;-0.1604574;0.6763234
1944480028;38.751;-9.1969;-0.1605162;0.6763325
1944480043;38.75178;-9.196795;-0.1605144;0.6763461
1946104042;38.75011;-9.196168;-0.1605034;0.676317
1946104043;38.74982;-9.19492;-0.1604816;0.6763119
1946104044;38.74967;-9.194162;-0.1604684;0.6763093
1946104046;38.74709;-9.196594;-0.1605109;0.6762642
1946104047;38.75023;-9.196118;-0.1605025;0.676319
1946104048;38.74994;-9.194916;-0.1604816;0.6763139
1946104049;38.7472;-9.196578;-0.1605106;0.6762661
1946104051;38.74978;-9.194117;-0.1604676;0.6763113
1946104052;38.74958;-9.196394;-0.1605074;0.6763077
1946104053;38.74723;-9.19657;-0.1605104;0.6762668
1946107782;38.74767;-9.196359;-0.1605067;0.6762744
1946107799;38.7478;-9.196402;-0.1605075;0.6762767
1946107800;38.74828;-9.195589;-0.1604933;0.676285
1946107801;38.74837;-9.196283;-0.1605054;0.6762866
1946107802;38.74698;-9.195315;-0.1604885;0.6762624
1946107803;38.74834;-9.196359;-0.1605067;0.6762862
1946107804;38.74714;-9.196434;-0.1605081;0.6762652
1946107805;38.74694;-9.1952;-0.1604865;0.6762616
1946107806;38.74833;-9.195629;-0.160494;0.6762859
1946107807;38.74712;-9.19649;-0.160509;0.6762648
1946107808;38.74719;-9.196393;-0.1605073;0.676266
1946107809;38.74757;-9.196359;-0.1605067;0.6762726
1946107810;38.74753;-9.19564;-0.1604942;0.6762719
1946111054;38.74699;-9.194814;-0.1604798;0.6762626
1946111064;38.74691;-9.195081;-0.1604844;0.6762611
1946111069;38.74709;-9.195386;-0.1604898;0.6762643
2204405311;38.75451;-9.200545;-0.1605798;0.6763937
2399599722;38.75405;-9.201575;-0.1605978;0.6763858
2399599723;38.75501;-9.202029;-0.1606057;0.6764026
2399604202;38.75239;-9.202384;-0.1606119;0.6763568
2399604204;38.75395;-9.202115;-0.1606072;0.676384
2399604206;38.75646;-9.203133;-0.160625;0.6764278
2399605042;38.75492;-9.20251;-0.1606141;0.6764009
2399612040;38.75666;-9.201941;-0.1606042;0.6764312
2583040231;38.74696;-9.194909;-0.1604814;0.676262
2819514018;38.74817;-9.206947;-0.1606915;0.6762832
2991607861;38.75618;-9.203026;-0.1606231;0.676423
3435730008;38.74993;-9.206319;-0.1606806;0.6763138
3435730009;38.7504;-9.205173;-0.1606606;0.6763222
3435730010;38.75053;-9.205154;-0.1606603;0.6763244
3435730011;38.75066;-9.205188;-0.1606608;0.6763267
3435730013;38.75103;-9.205814;-0.1606718;0.6763331
3435730014;38.75103;-9.205764;-0.1606709;0.6763331
3435730016;38.75106;-9.205731;-0.1606703;0.6763337
3435730017;38.75111;-9.205425;-0.160665;0.6763344
3435730018;38.7511;-9.205733;-0.1606704;0.6763343
3435730019;38.75113;-9.205769;-0.160671;0.6763348
3435730020;38.75115;-9.206322;-0.1606806;0.6763352
3435730021;38.75125;-9.20628;-0.1606799;0.6763369
3435730022;38.75133;-9.206244;-0.1606793;0.6763383
3436405205;38.74584;-9.200531;-0.1605796;0.6762425
3436405212;38.74708;-9.200405;-0.1605774;0.6762641
3436405213;38.74722;-9.203159;-0.1606254;0.6762665
3436405217;38.74732;-9.203115;-0.1606247;0.6762683
3436405226;38.74773;-9.201076;-0.1605891;0.6762756
3436405230;38.74788;-9.200336;-0.1605761;0.676278
3436405231;38.74793;-9.201169;-0.1605907;0.676279
3436405232;38.74796;-9.202857;-0.1606202;0.6762795
3436405233;38.74818;-9.200446;-0.1605781;0.6762832
3436405234;38.74859;-9.200727;-0.160583;0.6762905
3436405235;38.74878;-9.202528;-0.1606144;0.6762937
3436405236;38.74884;-9.202398;-0.1606122;0.6762948
3436405237;38.74887;-9.200867;-0.1605854;0.6762955
3436405238;38.74889;-9.202634;-0.1606163;0.6762958
3436405240;38.74908;-9.202202;-0.1606087;0.676299
3436405241;38.74917;-9.202559;-0.160615;0.6763006
3436405242;38.7493;-9.202823;-0.1606196;0.6763029
3455510549;38.75274;-9.19663;-0.1605115;0.6763629
3455510550;38.75249;-9.196839;-0.1605151;0.6763586
3455510552;38.75253;-9.19694;-0.1605169;0.6763593
3455510553;38.75357;-9.196751;-0.1605136;0.6763774
3455510554;38.75382;-9.197002;-0.160518;0.6763817
3455510555;38.75371;-9.197086;-0.1605194;0.6763798
3455510557;38.75279;-9.196755;-0.1605137;0.6763638
3455510558;38.75224;-9.196396;-0.1605074;0.6763542
3455510562;38.75368;-9.196671;-0.1605122;0.6763793
3455510565;38.75255;-9.19618;-0.1605036;0.6763597
3455510566;38.75188;-9.197976;-0.160535;0.6763479
3455510567;38.75228;-9.198238;-0.1605395;0.6763548
3455510568;38.75325;-9.196988;-0.1605177;0.6763718
3455510569;38.7521;-9.197835;-0.1605325;0.6763517
3455510570;38.75341;-9.197402;-0.1605249;0.6763747
3707790813;38.74574;-9.197946;-0.1605344;0.6762408
3721564275;38.74582;-9.19794;-0.1605343;0.6762421
3894989907;38.7487;-9.199045;-0.1605536;0.6762923
3977243848;38.74623;-9.203545;-0.1606322;0.6762493
4070498934;38.7483;-9.206475;-0.1606833;0.6762854
4070498942;38.7481;-9.207229;-0.1606965;0.6762819
4137601674;38.7537;-9.196115;-0.1605025;0.6763797
4137601675;38.75389;-9.196175;-0.1605035;0.676383
4137601676;38.75414;-9.195822;-0.1604974;0.6763874
4150371969;38.75127;-9.19751;-0.1605268;0.6763372
4150371970;38.75136;-9.197362;-0.1605242;0.6763389
4150371971;38.75219;-9.196463;-0.1605086;0.6763534
4150371972;38.75223;-9.194462;-0.1604736;0.676354
4150371973;38.75232;-9.194207;-0.1604692;0.6763555
4150371974;38.75243;-9.195911;-0.1604989;0.6763576
4286419890;38.75237;-9.202613;-0.1606159;0.6763564
4286419891;38.75326;-9.206566;-0.1606849;0.6763719
4286419892;38.75387;-9.20213;-0.1606075;0.6763826
4286419893;38.75407;-9.206083;-0.1606765;0.6763862
4286419894;38.75494;-9.202393;-0.160612;0.6764013
4286419895;38.75498;-9.202537;-0.1606146;0.676402
4286419896;38.75537;-9.204582;-0.1606503;0.6764088
4286419898;38.75565;-9.202808;-0.1606193;0.6764137
4286419902;38.75637;-9.203098;-0.1606244;0.6764263
4453671554;38.75447;-9.199779;-0.1605664;0.6763931
4453671555;38.75412;-9.198977;-0.1605524;0.676387
4453671556;38.75378;-9.198171;-0.1605384;0.6763811
4453671557;38.75401;-9.198024;-0.1605358;0.676385
4453671558;38.75297;-9.198739;-0.1605483;0.6763669
4453671559;38.753;-9.198714;-0.1605479;0.6763675
4453671560;38.75338;-9.19953;-0.1605621;0.676374
4453672396;38.75399;-9.19748;-0.1605263;0.6763847
4453672398;38.75401;-9.197512;-0.1605269;0.676385
4453672399;38.75397;-9.197432;-0.1605255;0.6763844
4453672400;38.75398;-9.197386;-0.1605247;0.6763845
4453672401;38.75399;-9.197343;-0.1605239;0.6763847
4453672402;38.75401;-9.197308;-0.1605233;0.676385
4453672403;38.75404;-9.197283;-0.1605229;0.6763856
4453672404;38.75407;-9.197272;-0.1605227;0.6763862
4453672411;38.75407;-9.197549;-0.1605275;0.6763862
4453672413;38.75404;-9.197536;-0.1605273;0.6763856
4585432555;38.75245;-9.198607;-0.160546;0.6763578
4585432556;38.75359;-9.197794;-0.1605318;0.6763777
4592923149;38.75004;-9.20622;-0.1606788;0.6763158
4592923150;38.75061;-9.206545;-0.1606845;0.6763257
4593166946;38.75516;-9.205129;-0.1606598;0.6764051
4593166978;38.75401;-9.206122;-0.1606771;0.676385
4593166980;38.75394;-9.206171;-0.160678;0.6763838
4593167313;38.75457;-9.205574;-0.1606676;0.6763949
4631604320;38.75636;-9.201848;-0.1606025;0.676426
4631604321;38.75529;-9.202661;-0.1606167;0.6764073
4645480948;38.75209;-9.205305;-0.1606629;0.6763515
4646126069;38.74961;-9.202899;-0.1606209;0.6763083
4646126070;38.74937;-9.203018;-0.160623;0.676304
4646126071;38.74931;-9.202818;-0.1606195;0.676303
4646126072;38.74956;-9.202695;-0.1606173;0.6763074
4745631963;38.75147;-9.197351;-0.1605241;0.6763408
4745631964;38.75145;-9.197354;-0.1605241;0.6763404
4745631966;38.7501;-9.195577;-0.1604931;0.6763167
4750029051;38.74984;-9.194385;-0.1604723;0.6763122
4917787675;38.75411;-9.195733;-0.1604958;0.6763868
5113663840;38.75098;-9.204312;-0.1606456;0.6763321
5227267554;38.74807;-9.207346;-0.1606985;0.6762813
5263849488;38.75382;-9.20415;-0.1606427;0.6763817
5263849489;38.75327;-9.2045;-0.1606488;0.6763722
5263849493;38.75358;-9.205437;-0.1606652;0.6763776
5263849494;38.75316;-9.205673;-0.1606693;0.6763702
5263849495;38.75328;-9.206008;-0.1606752;0.6763723
5263849496;38.75341;-9.205924;-0.1606737;0.6763746
5263849497;38.75329;-9.205597;-0.160668;0.6763725
5264302698;38.75008;-9.204573;-0.1606501;0.6763164
5264302699;38.75028;-9.204385;-0.1606468;0.67632
5264302700;38.75049;-9.204193;-0.1606435;0.6763236
5264302701;38.75057;-9.204188;-0.1606434;0.676325
5264302702;38.75063;-9.204277;-0.1606449;0.6763262
5264302703;38.75067;-9.204342;-0.1606461;0.6763268
5264302704;38.75079;-9.204659;-0.1606516;0.6763288
5264302705;38.7502;-9.205642;-0.1606688;0.6763186
5264302706;38.74989;-9.205464;-0.1606657;0.6763132
5264302707;38.74978;-9.205412;-0.1606648;0.6763112
5264302708;38.74973;-9.205318;-0.1606631;0.6763104
5264302709;38.74971;-9.205164;-0.1606604;0.6763101
5264302710;38.74974;-9.205098;-0.1606593;0.6763106
5264302711;38.74978;-9.20507;-0.1606588;0.6763112
5264302712;38.74982;-9.205074;-0.1606589;0.6763119
5264302713;38.74984;-9.20509;-0.1606591;0.6763122
5264302714;38.74985;-9.205112;-0.1606595;0.6763124
5264302715;38.74973;-9.205148;-0.1606601;0.6763104
5267040374;38.7527;-9.205293;-0.1606627;0.6763622
5312810776;38.75072;-9.204473;-0.1606484;0.6763276
5335758217;38.75175;-9.202749;-0.1606183;0.6763457
5335759053;38.75194;-9.202738;-0.1606181;0.6763489
5394575375;38.75546;-9.204681;-0.160652;0.6764104
5394575376;38.75547;-9.204713;-0.1606525;0.6764105
5394576984;38.75301;-9.203916;-0.1606386;0.6763677
5394576985;38.75307;-9.203822;-0.160637;0.6763686
5394576986;38.75316;-9.203856;-0.1606376;0.6763703
5394576987;38.75018;-9.201779;-0.1606013;0.6763183
5596706583;38.74973;-9.205134;-0.1606599;0.6763104
5596706584;38.74984;-9.2051;-0.1606593;0.6763123
5596706585;38.74983;-9.205081;-0.160659;0.6763121
5596706586;38.74981;-9.20507;-0.1606588;0.6763117
5596706587;38.74979;-9.205068;-0.1606587;0.6763114
5596706588;38.74977;-9.205073;-0.1606588;0.676311
5596706589;38.74975;-9.205089;-0.1606591;0.6763108
5596706590;38.74974;-9.20511;-0.1606595;0.6763105
5596706591;38.74974;-9.20516;-0.1606604;0.6763105
5596706592;38.74974;-9.205173;-0.1606606;0.6763105
5596706593;38.74974;-9.205185;-0.1606608;0.6763106
5596706594;38.74975;-9.205194;-0.160661;0.6763108
5596706595;38.74976;-9.205203;-0.1606611;0.6763109
5596706596;38.74977;-9.20521;-0.1606612;0.676311
5596706597;38.74978;-9.205215;-0.1606613;0.6763112
5596706598;38.74979;-9.205217;-0.1606614;0.6763114
5596706599;38.7498;-9.205217;-0.1606614;0.6763116
5596706600;38.74981;-9.205215;-0.1606613;0.6763117
5596706601;38.74982;-9.205211;-0.1606612;0.6763119
5596706602;38.74982;-9.205205;-0.1606611;0.676312
5596706603;38.74983;-9.205196;-0.160661;0.6763121
5596706604;38.74984;-9.205187;-0.1606608;0.6763123
5596706605;38.74985;-9.205175;-0.1606606;0.6763124
5596706606;38.74985;-9.205163;-0.1606604;0.6763125
5596706607;38.74985;-9.20515;-0.1606602;0.6763125
5596706608;38.74985;-9.205137;-0.16066;0.6763125
5596706609;38.74985;-9.205124;-0.1606597;0.6763125
5596706610;38.74974;-9.205122;-0.1606597;0.6763105
5596706611;38.74976;-9.20508;-0.160659;0.6763109
5596706612;38.7498;-9.205068;-0.1606587;0.6763116
5597961818;38.75048;-9.205162;-0.1606604;0.6763234
5598011009;38.75185;-9.202742;-0.1606181;0.6763473
5754625281;38.7526;-9.196279;-0.1605053;0.6763604
5754625282;38.75256;-9.196179;-0.1605036;0.6763597
5754625283;38.75257;-9.19623;-0.1605045;0.67636
5754625986;38.75322;-9.195833;-0.1604976;0.6763713
5754625987;38.75393;-9.195324;-0.1604887;0.6763837
5754625988;38.75233;-9.196468;-0.1605086;0.6763558
5754625989;38.7526;-9.196279;-0.1605053;0.6763604
5754625990;38.75091;-9.196192;-0.1605038;0.676331
5754625991;38.75096;-9.196806;-0.1605145;0.6763319
5754625992;38.7508;-9.195546;-0.1604926;0.6763291
5769054381;38.75232;-9.19645;-0.1605083;0.6763555
5769054382;38.7523;-9.196425;-0.1605079;0.6763552
5769054383;38.75229;-9.196393;-0.1605073;0.6763551
5769054384;38.7523;-9.196358;-0.1605067;0.6763552
6203457154;38.75058;-9.19766;-0.1605295;0.6763253
6382387905;38.75074;-9.198615;-0.1605461;0.6763281
6382387906;38.75079;-9.201725;-0.1606004;0.6763288
6382405964;38.75208;-9.205467;-0.1606657;0.6763514
6382405965;38.75216;-9.205655;-0.160669;0.6763529
6382405966;38.75211;-9.205372;-0.1606641;0.676352
6382405967;38.75199;-9.205045;-0.1606583;0.6763498
6382405968;38.75175;-9.204514;-0.1606491;0.6763456
6382405969;38.75169;-9.204356;-0.1606463;0.6763446
6382405970;38.75203;-9.205155;-0.1606603;0.6763506
6382405974;38.75201;-9.205085;-0.160659;0.6763501
6382507862;38.75074;-9.198668;-0.160547;0.6763281
6382507863;38.75069;-9.198177;-0.1605385;0.676327
6382507864;38.75072;-9.198397;-0.1605423;0.6763276
6382507865;38.75064;-9.197907;-0.1605338;0.6763262
6382507866;38.75074;-9.199017;-0.1605531;0.676328
6389629457;38.74571;-9.200541;-0.1605797;0.6762403
6389629466;38.74886;-9.201258;-0.1605922;0.6762951
6389629467;38.74989;-9.203138;-0.1606251;0.6763132
6389755291;38.75013;-9.20313;-0.1606249;0.6763174
6389755293;38.74863;-9.201506;-0.1605966;0.6762912
6389755295;38.7456;-9.200551;-0.1605799;0.6762383
6400760287;38.74921;-9.202749;-0.1606183;0.6763014
6400824775;38.75099;-9.202358;-0.1606115;0.6763324
6400824778;38.75143;-9.20212;-0.1606073;0.67634
6400824985;38.7515;-9.202083;-0.1606066;0.6763412
6400824988;38.7509;-9.20206;-0.1606062;0.6763307
6400834006;38.75158;-9.20388;-0.160638;0.6763427
6400834007;38.75152;-9.203913;-0.1606386;0.6763416
6400834008;38.75175;-9.203794;-0.1606365;0.6763457
6401935218;38.74897;-9.197638;-0.1605291;0.6762971
6412660149;38.74932;-9.197598;-0.1605284;0.6763032
6412684204;38.74779;-9.197757;-0.1605311;0.6762764
6412767337;38.75329;-9.206546;-0.1606845;0.6763725
6412767338;38.75359;-9.20638;-0.1606816;0.6763777
6412767339;38.75373;-9.206294;-0.1606801;0.6763803
6412767340;38.75418;-9.206012;-0.1606752;0.6763881
6412767341;38.75446;-9.205818;-0.1606718;0.676393
6412809990;38.74727;-9.197807;-0.160532;0.6762675
6412810051;38.74976;-9.197549;-0.1605275;0.676311
6412810569;38.74981;-9.194261;-0.1604701;0.6763117
6452984080;38.75417;-9.196489;-0.160509;0.6763879
6452984081;38.75433;-9.196653;-0.1605119;0.6763907
6452995990;38.75398;-9.197457;-0.1605259;0.6763846
6453004971;38.75386;-9.197586;-0.1605282;0.6763825
6453004972;38.75401;-9.197536;-0.1605273;0.6763851
6453004973;38.75397;-9.197543;-0.1605274;0.6763844
6453004974;38.75395;-9.197562;-0.1605278;0.676384
6453004975;38.75393;-9.197572;-0.1605279;0.6763836
6453004976;38.75389;-9.197538;-0.1605273;0.6763831
6453004977;38.75392;-9.197504;-0.1605267;0.6763836
6453004978;38.75394;-9.19748;-0.1605263;0.6763839
6453004979;38.75396;-9.197453;-0.1605258;0.6763842
6453004980;38.75397;-9.197423;-0.1605253;0.6763843
6453004981;38.754;-9.197536;-0.1605273;0.6763849
6453010343;38.749;-9.203046;-0.1606234;0.6762977
