25498033;277835175;4137601674;
25498033;4137601674;847769221;
25498033;847769221;277835172;
25498033;277835172;3455510557;
25498033;3455510557;3455510552;
25498033;3455510552;1917908889;
25498033;1917908889;1917908867;
25498033;1917908867;1917908850;
25498033;1917908850;1917908841;
25498033;1917908841;1917908820;
25498033;1917908820;1917908802;
25498033;1917908802;277835173;
25498033;277835173;4745631963;
25498033;4745631963;4745631964;
25498033;4745631964;4150371970;
25498033;4150371970;851010555;
25498033;851010555;277835174;
25498033;277835174;1920250232;
25498033;1920250232;469812462;
25498042;277835417;1026406125;
25498042;1026406125;1675863652;
25498042;1675863652;6389755291;
25498042;6389755291;277835418;
25498042;277835418;1026404076;
25498042;1026404076;277835419;
25498043;277835415;1667070046;
25498043;1667070046;6389629467;
25498043;6389629467;1026406128;
25498043;1026406128;277835414;
25498053;1667054724;1667054723;
25498053;1667054723;1667054717;
25498057;277835295;277835298;
25498057;277835298;277835299;
25498057;277835299;3436405231;
25498057;3436405231;277835300;
25498057;277835300;3436405226;
25498057;3436405226;277835301;
25498057;277835301;469805525;
25498057;469805525;277835302;
36916640;429333152;4286419891;
36916640;4286419891;6412767337;
36916640;6412767337;6412767338;
36916640;6412767338;6412767339;
36916640;6412767339;1026417160;
36916640;1026417160;4593166980;
36916640;4593166980;4593166978;
36916640;4593166978;4286419893;
36916640;4286419893;6412767340;
36916640;6412767340;6412767341;
36916640;6412767341;429333153;
36916640;429333153;429333154;
36916640;429333154;1917909046;
36916640;1917909046;429333155;
36916640;429333155;4593166946;
36916640;4593166946;1917909048;
36916640;1917909048;5394575376;
37010887;430429588;430429591;
37010887;430429591;430429592;
37010887;430429592;1921032306;
37010887;1921032306;1921032300;
37010887;1921032300;430429593;
37010887;430429593;1921032204;
37010887;1921032204;2204405311;
37010887;2204405311;430429594;
37010887;430429594;430429595;
37010887;430429595;430429596;
37010887;430429596;430429597;
37010887;430429597;430429598;
37010887;430429598;1917908638;
37010887;1917908638;851010464;
37010888;851010467;1917908825;
37010888;1917908825;430429606;
37010888;430429606;430429604;
37010888;430429604;430429602;
37010888;430429602;4631604320;
37010888;4631604320;2399612040;
37010889;429333140;430429613;
37010889;430429613;4453671555;
37010889;4453671555;4453671560;
37010889;4453671560;430429614;
37010889;430429614;851010510;
37010889;851010510;430429596;
57036245;1113775122;4150371971;
57036245;4150371971;3455510558;
57036245;3455510558;5769054384;
57036245;5769054384;3455510565;
57036245;3455510565;5754625282;
57036245;5754625282;847769222;
57036245;847769222;712039231;
71218077;847769221;5754625986;
71541691;851010454;851010457;
71541691;851010457;851010460;
71541691;851010460;1917908470;
71541691;1917908470;1917908461;
71541691;1917908461;851010461;
71541691;851010461;1917908496;
71541691;1917908496;851010462;
71541691;851010462;851010464;
71541691;851010464;851010467;
71541693;851010467;1917908502;
71541693;1917908502;1667320612;
71541697;851010483;851010497;
71541699;851010497;851010508;
71541699;851010508;851010510;
71541703;851010526;3436405237;
71541703;3436405237;851010541;
71541703;851010541;1667054702;
71541703;1667054702;851010546;
71541704;851010555;4150371969;
71541704;4150371969;851010560;
71541704;851010560;851010486;
71541704;851010486;851010454;
71541706;851010467;851010568;
71541706;851010568;1917908662;
71541706;1917908662;1917908665;
71541706;1917908665;851010576;
71541706;851010576;6400824985;
71541706;6400824985;429333170;
71541708;429333170;1917908670;
71541708;1917908670;851010583;
71541708;851010583;851010586;
71541708;851010586;1917908705;
71541708;1917908705;1917908701;
71541708;1917908701;1917908692;
71541708;1917908692;1917908685;
71541708;1917908685;851010588;
88364844;1026405817;5113663840;
88364844;5113663840;1026406125;
88364844;1026406125;1026406128;
88365093;1026408744;1026408750;
88365093;1026408750;1026408751;
88365093;1026408751;1026408754;
88365093;1026408754;1026408757;
88365102;1026408764;1026408920;
88365102;1026408920;1026408923;
88365102;1026408923;1026408757;
88365121;1026408920;1026409136;
88365121;1026409136;1026409137;
88365121;1026409137;1026409138;
88365121;1026409138;1026409140;
88365121;1026409140;1026409136;
96122992;1113775122;1113775125;
96122992;1113775125;4150371974;
96122992;4150371974;1113775128;
96122992;1113775128;712039231;
96122992;712039231;5754625987;
96122992;5754625987;4917787675;
96122992;4917787675;4137601676;
132032463;469812462;277835159;
132032463;277835159;6412810051;
132032463;6412810051;1026408767;
132032463;1026408767;6412660149;
132032463;6412660149;6401935218;
132032463;6401935218;277835237;
144843389;1583413547;1583413548;
144843389;1583413548;4070498934;
144843389;4070498934;2819514018;
144843389;2819514018;4070498942;
144843389;4070498942;5227267554;
144843389;5227267554;1583413549;
144843392;1583413555;1583413554;
144843392;1583413554;1917907687;
144843392;1917907687;1917908082;
144843392;1917908082;1917908317;
144843392;1917908317;1917908573;
144843392;1917908573;1109852659;
144845337;1583429074;1583429124;
144845337;1583429124;1583429078;
144845337;1583429078;1583429233;
144845337;1583429233;1583429223;
144845339;1583429124;3435730008;
154109847;851010546;1667324886;
154109847;1667324886;1667324888;
154109847;1667324888;1667054700;
154109847;1667054700;1667320607;
154109847;1667320607;5394576987;
154109847;5394576987;1667054724;
154109847;1667054724;1667320609;
154109847;1667320609;1667320606;
154110480;1667054717;1667054721;
154110480;1667054721;1667054700;
154110482;1667054720;1667324887;
154110482;1667324887;1667054718;
154110483;1667054721;1932354498;
154110485;1667054704;1667054702;
154110486;277835422;3436405235;
154110486;3436405235;277835295;
154110486;277835295;3436405232;
154110486;3436405232;277835329;
154110486;277835329;3436405217;
154110486;3436405217;3436405213;
154110486;3436405213;3977243848;
154110486;3977243848;277835282;
154110490;1667054718;1932354495;
154113239;1667070046;1917907312;
154113239;1917907312;1917907314;
154113239;1917907314;1917907316;
154113239;1917907316;1026404076;
154146528;1667054717;1667320613;
154146531;1667320607;1667320611;
154146531;1667320611;1667320608;
154146531;1667320608;1667320609;
154146536;851010552;1667320610;
154146536;1667320610;1667320606;
154146536;1667320606;851010549;
154146943;1667324888;1667324887;
154146944;1667324883;1667324884;
154146944;1667324884;4646126070;
154146944;4646126070;4646126069;
154146944;4646126069;1667324889;
154146944;1667324889;1667324885;
154146944;1667324885;4646126072;
154146944;4646126072;4646126071;
154146944;4646126071;3436405242;
154146944;3436405242;1667324890;
154146946;1667054718;1667324886;
154150349;429333172;1667340855;
154150349;1667340855;1026416722;
154150349;1026416722;6382405970;
154150350;1026417160;5263849493;
154150350;5263849493;5263849489;
154150350;5263849489;1667340855;
154151058;277835232;3436405234;
154151058;3436405234;277835233;
154151059;277835233;3894989907;
154151059;3894989907;277835237;
154151601;1669446114;277835156;
154151601;277835156;6382507866;
154151601;6382507866;1674587518;
154151601;1674587518;6382507862;
154151601;6382507862;6382387905;
154151601;6382387905;6382507864;
154151601;6382507864;6382507863;
154151601;6382507863;6382507865;
154151601;6382507865;6203457154;
154151601;6203457154;469812462;
154151602;6382405968;1026416175;
154151602;1026416175;1667340853;
154151602;1667340853;277835383;
154151602;277835383;6382405964;
154151602;6382405964;6382405965;
154151602;6382405965;1026405678;
154405112;851010457;1669446087;
154405112;1669446087;1669446089;
154405112;1669446089;1669446051;
154405117;851010461;1917908327;
154405117;1917908327;1669446080;
154405117;1669446080;1917908007;
154405117;1917908007;1917907755;
154405117;1917907755;1917907549;
154405117;1917907549;1669446114;
154406069;1669455394;1669455382;
154407026;277835419;1917907309;
154407026;1917907309;1917907307;
154407026;1917907307;1917907304;
154407026;1917907304;1917907303;
154407026;1917907303;1917907301;
154407026;1917907301;277835420;
154407026;277835420;1917907300;
154407026;1917907300;1917907299;
154407026;1917907299;1917907298;
154407026;1917907298;1917907296;
154407026;1917907296;277835234;
154407026;277835234;6453010343;
154407026;6453010343;3436405238;
154407026;3436405238;277835422;
154407037;277835421;3436405241;
154407037;3436405241;6400760287;
155012576;1674587626;1674587578;
155012576;1674587578;1674587535;
155012576;1674587535;1674587587;
155012576;1674587587;1674587626;
155012585;851010454;1674587626;
155016985;1026408757;1026408761;
155016985;1026408761;1026408764;
155016985;1026408764;1026408767;
155016986;1026408923;1920249992;
155016986;1920249992;1920250010;
155016986;1920250010;1920250023;
155016986;1920250023;1674633772;
155016986;1674633772;1674633771;
155163910;1675863643;1675863649;
155163910;1675863649;1675863648;
155163911;1675863652;1675863643;
182877245;1932354498;1667054720;
182877280;1932354495;1667054704;
184165420;1946104049;1946104053;
184165420;1946104053;1946104052;
184165420;1946104052;1946104042;
184165420;1946104042;1946104047;
184165421;1946104051;1946104044;
184165421;1946104044;1946104043;
184165422;1946104042;1946104043;
184165422;1946104043;1946104048;
184165693;1946111054;2583040231;
184165693;2583040231;1946111064;
184165693;1946111064;1946107805;
184165693;1946107805;1946107802;
184165693;1946107802;1946111069;
184165693;1946111069;1946107810;
184165693;1946107810;1946107800;
184165693;1946107800;1946107806;
184165693;1946107806;1946107801;
184165693;1946107801;1946107803;
184165693;1946107803;1946107799;
184165693;1946107799;1946107782;
184165693;1946107782;1946107809;
184165693;1946107809;1946107808;
184165693;1946107808;1946107804;
184165693;1946107804;1946107807;
184165693;1946107807;1946104046;
231613629;2399605042;4286419894;
231613629;4286419894;2399599723;
231613629;2399599723;2399599722;
231613629;2399599722;2399604204;
231613953;429333165;4286419890;
231613953;4286419890;2399604202;
231613953;2399604202;4286419892;
231613953;4286419892;2399604204;
231613953;2399604204;2399605042;
231613953;2399605042;4286419895;
231613953;4286419895;4631604321;
231613953;4631604321;4286419898;
231613953;4286419898;2991607861;
231613953;2991607861;4286419902;
231613953;4286419902;2399604206;
336538854;1583413555;1026405817;
336538854;1026405817;1669455394;
336538854;1669455394;1026405678;
336538868;3435730020;3435730013;
336538868;3435730013;3435730014;
336538868;3435730014;3435730016;
336538868;3435730016;3435730018;
336538868;3435730018;3435730019;
336538868;3435730019;3435730021;
336538871;1026404075;5264302698;
336538871;5264302698;1026404076;
336538876;1026404075;3435730009;
336538876;3435730009;5597961818;
336538876;5597961818;3435730010;
336538876;3435730010;3435730011;
336538876;3435730011;3435730017;
336601634;851010549;851010552;
338469924;3455510570;3455510568;
338469925;5754625988;3455510550;
338469925;3455510550;3455510552;
338469926;3455510557;3455510549;
338469926;3455510549;5754625989;
338469927;3455510553;3455510555;
338469927;3455510555;3455510554;
338469927;3455510554;3455510562;
338469927;3455510562;3455510553;
338469927;3455510553;3455510568;
338469927;3455510568;3455510569;
338469927;3455510569;3455510566;
338469930;3455510567;3455510569;
366800716;277835237;6412684204;
366800716;6412684204;6412809990;
366800716;6412809990;277835160;
366800716;277835160;3721564275;
366800716;3721564275;3707790813;
366800716;3707790813;277835176;
375556051;5394575375;4286419896;
375556051;4286419896;429333166;
375556051;429333166;429333168;
375556051;429333168;1917909032;
375556051;1917909032;1917909031;
375556051;1917909031;1917909029;
375556051;1917909029;1917909028;
375556051;1917909028;429333169;
375556051;429333169;429333165;
375556051;429333165;5335759053;
375556051;5335759053;5598011009;
375556051;5598011009;5335758217;
375556051;5335758217;429333170;
386171475;1666200275;3894989907;
392174705;1667036703;1917907436;
392174705;1917907436;277835382;
392174705;277835382;1917907440;
392174705;1917907440;1917907445;
392174705;1917907445;430429590;
392174705;430429590;6382387906;
392174705;6382387906;6400824988;
392174705;6400824988;6400824775;
392174705;6400824775;277835414;
412290132;277835175;4137601676;
412290132;4137601676;277835457;
412290134;429333075;277835560;
412290134;277835560;277835175;
413779692;1669446114;277835157;
413779692;277835157;1667036703;
413779699;1944474512;1944476356;
413779699;1944476356;1944476352;
413779699;1944476352;1944476354;
413779699;1944476354;5754625992;
413779699;5754625992;5754625990;
413779699;5754625990;5754625991;
413779699;5754625991;1944480028;
413779703;1944480028;1944480043;
413779703;1944480043;1113775122;
413779705;4150371974;4150371972;
413779705;4150371972;4150371973;
434295046;851010497;430429614;
434295955;429333172;429333174;
434295955;429333174;429333175;
434295955;429333175;429333176;
434295955;429333176;429333177;
434295955;429333177;1917908989;
434295955;1917908989;429333178;
434295955;429333178;1917908966;
434295955;1917908966;429333179;
434295955;429333179;429333180;
434295955;429333180;429333093;
448346663;4453671554;4453671555;
448346663;4453671555;4453671556;
448346666;4453671557;4453671556;
448346666;4453671556;4453671559;
448346666;4453671559;4453671558;
448346669;4453671559;4453671560;
463259839;3455510567;4585432555;
463259840;3455510570;4585432556;
464172974;429333154;4593167313;
464172974;4593167313;429333171;
464172974;429333171;5263849488;
464172974;5263849488;429333172;
481651683;1667340852;5267040374;
481651683;5267040374;1026416722;
540228110;1026405678;277835400;
540228110;277835400;1026416332;
540301273;1583413555;3435730022;
540301273;3435730022;3435730021;
540301273;3435730021;3435730020;
540301273;3435730020;4592923150;
540301273;4592923150;1026404887;
540301274;1026404074;4592923149;
540301274;4592923149;5264302705;
540301274;5264302705;1026404075;
544554617;5263849488;5263849489;
544554618;5263849493;5263849497;
544554618;5263849497;5263849494;
544554618;5263849494;5263849495;
544554618;5263849495;5263849496;
544554618;5263849496;5263849497;
544606115;5264302698;5264302699;
544606115;5264302699;5264302700;
544606115;5264302700;5264302701;
544606115;5264302701;5264302702;
544606115;5264302702;5264302703;
544606115;5264302703;5312810776;
544606115;5312810776;5264302704;
544606116;5596706610;5596706590;
544606116;5596706590;5264302710;
544606116;5264302710;5596706589;
544606116;5596706589;5596706611;
544606116;5596706611;5596706588;
544606116;5596706588;5264302711;
544606116;5264302711;5596706587;
544606116;5596706587;5596706612;
544606116;5596706612;5596706586;
544606116;5596706586;5264302712;
544606116;5264302712;5596706585;
544606116;5596706585;5264302713;
544606116;5264302713;5596706584;
544606116;5596706584;5264302714;
544606116;5264302714;5596706609;
544606116;5596706609;5596706608;
544606116;5596706608;5596706607;
544606116;5596706607;5596706606;
544606116;5596706606;5596706605;
544606116;5596706605;5596706604;
544606116;5596706604;5596706603;
544606116;5596706603;5596706602;
544606116;5596706602;5596706601;
544606116;5596706601;5596706600;
544606116;5596706600;5596706599;
544606116;5596706599;5596706598;
544606116;5596706598;5596706597;
544606116;5596706597;5596706596;
544606116;5596706596;5596706595;
544606116;5596706595;5596706594;
544606116;5596706594;5596706593;
544606116;5596706593;5596706592;
544606116;5596706592;5596706591;
544606116;5596706591;5264302715;
544606116;5264302715;5596706583;
544606116;5596706583;5596706610;
559271443;1667340855;5394576984;
559271443;5394576984;5394576985;
559271443;5394576985;5394576986;
559271444;5394576987;1667054717;
585711679;5264302705;5264302706;
585711679;5264302706;5264302707;
585711679;5264302707;5264302708;
585711679;5264302708;5264302709;
585711679;5264302709;5596706610;
607137885;5754625987;5754625986;
607137885;5754625986;5754625281;
607137885;5754625281;5754625989;
607137885;5754625989;5754625988;
607137886;1113775122;5754625988;
607137887;1944474514;277835150;
607137887;277835150;1946104051;
607137887;1946104051;6412810569;
607137887;6412810569;4750029051;
607137887;4750029051;277835151;
607137887;277835151;1946104048;
607137887;1946104048;4745631966;
607137887;4745631966;1946104047;
607137887;1946104047;277835152;
607137887;277835152;1917907418;
607137887;1917907418;469812462;
607138097;5754625281;5754625283;
607138097;5754625283;5754625282;
609032411;5754625988;5769054381;
609032411;5769054381;5769054382;
609032411;5769054382;5769054383;
609032411;5769054383;5769054384;
681527002;6382405968;6382405967;
681527002;6382405967;6382405974;
681527002;6382405974;6382405970;
681527004;6382405970;4645480948;
681527004;4645480948;6382405966;
681527004;6382405966;6382405965;
682288263;277835414;277835417;
682309719;277835220;6389755295;
682309719;6389755295;6389629457;
682309719;6389629457;277835223;
682309719;277835223;3436405205;
682309719;3436405205;3436405212;
682309719;3436405212;277835331;
682309719;277835331;277835229;
682309719;277835229;3436405230;
682309719;3436405230;277835230;
682309719;277835230;3436405233;
682309719;3436405233;277835231;
682309719;277835231;277835232;
683373635;277835233;851010526;
683373635;851010526;6389629466;
683373635;6389629466;1667320605;
683373635;1667320605;3436405240;
683373635;3436405240;1667320613;
683373635;1667320613;277835421;
683373638;277835421;277835422;
683373640;277835422;3436405236;
683373640;3436405236;6389755293;
683373640;6389755293;277835232;
683374175;6400760287;1667324890;
683374175;1667324890;1667324883;
683374175;1667324883;1917907302;
683374175;1917907302;277835416;
683374175;277835416;1917907305;
683374175;1917907305;1917907306;
683374175;1917907306;1917907308;
683374175;1917907308;1917907310;
683374175;1917907310;277835415;
683381240;6400824778;6400824985;
683382105;6400834008;6400834006;
683382105;6400834006;6400834007;
683805470;277835417;851010588;
683805470;851010588;6400834007;
683805470;6400834007;429333093;
683805470;429333093;6382405969;
683805470;6382405969;6382405968;
688226762;6452984081;6452984080;
688226762;6452984080;4137601675;
688226762;4137601675;277835175;
688228721;4453672411;4453672413;
688228721;4453672413;4453672398;
688228721;4453672398;4453672396;
688228721;4453672396;6452995990;
688228721;6452995990;4453672399;
688228721;4453672399;4453672400;
688228721;4453672400;4453672401;
688228721;4453672401;4453672402;
688228721;4453672402;4453672403;
688228721;4453672403;4453672404;
688228856;6453004971;4585432556;
688228856;4585432556;4585432555;
688228856;4585432555;851010483;
688228856;851010483;851010486;
688228857;4453672413;6453004972;
688228857;6453004972;6453004981;
688228857;6453004981;6453004973;
688228857;6453004973;6453004974;
688228857;6453004974;6453004975;
688228857;6453004975;6453004971;
688228858;6453004971;6453004976;
688228858;6453004976;6453004977;
688228858;6453004977;6453004978;
688228858;6453004978;6453004979;
688228858;6453004979;6453004980;
688228858;6453004980;4453672400;
